16 81 307 ; 33 100 491 ; 49 0 365 ; 44 21 303 ; 38 11 28 ; 
106 13 318 ; 7 8 188 ; 29 33 119 ; 20 49 67 ; 29 104 135 ; 
110 23 10 ; 83 23 19 ; 83 68 440 ; 104 115 442 ; 116 56 390 ; 
1 94 136 ; 9 94 279 ; 43 65 102 ; 92 17 472 ; 68 104 4 ; 
92 111 233 ; 115 6 404 ; 55 62 471 ; 42 40 66 ; 98 63 347 ; 
64 123 47 ; 31 34 448 ; 96 81 129 ; 113 29 156 ; 90 125 429 ; 
73 123 125 ; 79 103 53 ; 13 38 56 ; 54 56 499 ; 117 51 186 ; 
112 34 348 ; 19 18 305 ; 100 12 96 ; 1 48 340 ; 126 49 254 ; 
121 119 176 ; 96 24 413 ; 6 45 188 ; 63 120 89 ; 114 110 411 ; 
21 71 44 ; 39 96 125 ; 51 24 284 ; 100 48 328 ; 21 58 377 ; 
12 30 287 ; 37 75 145 ; 82 71 205 ; 74 81 440 ; 57 16 267 ; 
0 69 33 ; 96 106 286 ; 120 34 474 ; 40 62 77 ; 99 91 105 ; 
1 118 135 ; 77 11 495 ; 20 1 240 ; 101 125 278 ; 118 56 109 ; 
59 101 418 ; 37 40 258 ; 71 18 434 ; 5 47 394 ; 96 49 330 ; 
86 72 349 ; 98 107 275 ; 99 52 224 ; 96 78 384 ; 24 51 198 ; 
125 81 428 ; 37 111 267 ; 55 109 192 ; 103 99 191 ; 24 2 388 ; 
96 3 216 ; 75 6 110 ; 127 86 216 ; 78 59 443 ; 1 5 379 ; 
83 69 347 ; 66 64 29 ; 48 96 210 ; 19 71 218 ; 21 51 481 ; 
25 127 253 ; 31 33 373 ; 118 38 132 ; 49 13 476 ; 54 85 182 ; 
123 52 359 ; 59 17 278 ; 27 20 49 ; 98 78 105 ; 21 111 44 ; 
20 40 50 ; 53 65 267 ; 91 37 26 ; 105 9 200 ; 62 59 25 ; 
114 111 199 ; 4 117 2 ; 24 62 201 ; 102 55 192 ; 85 68 314 ; 
125 102 159 ; 62 33 91 ; 99 123 425 ; 109 76 24 ; 40 77 333 ; 
23 5 287 ; 13 55 30 ; 75 37 442 ; 3 45 234 ; 71 24 476 ; 
45 23 149 ; 78 43 6 ; 73 116 124 ; 21 24 283 ; 99 38 312 ; 
104 113 41 ; 31 47 180 ; 68 113 9 ; 114 75 77 ; 10 11 192 ; 
33 32 47 ; 76 50 44 ; 64 2 302 ; 89 54 199 ; 127 86 437 ; 
112 31 188 ; 32 0 356 ; 17 109 91 ; 93 38 300 ; 104 98 174 ; 
9 101 28 ; 59 21 373 ; 62 19 154 ; 116 91 294 ; 74 56 467 ; 
106 120 210 ; 106 32 163 ; 87 103 151 ; 126 115 172 ; 96 113 257 ; 
70 121 86 ; 91 35 455 ; 111 25 74 ; 74 79 68 ; 2 95 220 ; 
122 109 47 ; 26 108 89 ; 1 11 231 ; 117 60 278 ; 102 73 216 ; 
96 63 181 ; 3 62 423 ; 28 121 338 ; 107 113 229 ; 74 94 295 ; 
56 21 177 ; 36 54 211 ; 48 65 105 ; 108 35 303 ; 53 4 456 ; 
117 69 238 ; 51 76 178 ; 44 46 1 ; 30 0 65 ; 124 27 165 ; 
17 57 415 ; 71 80 83 ; 8 2 128 ; 43 53 256 ; 47 93 288 ; 
116 107 481 ; 64 90 478 ; 111 75 382 ; 111 89 118 ; 10 82 256 ; 
67 21 368 ; 20 17 353 ; 22 49 152 ; 75 1 144 ; 40 61 312 ; 
19 46 371 ; 109 21 356 ; 57 47 336 ; 18 117 207 ; 100 90 346 ; 
121 58 49 ; 10 44 492 ; 59 100 92 ; 60 37 102 ; 121 17 29 ; 
40 44 477 ; 61 60 241 ; 108 13 294 ; 97 76 195 ; 59 123 157 ; 
118 52 197 ; 34 48 83 ; 6 65 45 ; 43 103 65 ; 60 89 101 ; 
105 114 239 ; 37 31 311 ; 50 58 0 ; 127 13 484 ; 122 115 85 ; 
46 60 209 ; 94 127 427 ; 31 77 93 ; 7 86 359 ; 96 27 223 ; 
82 90 143 ; 114 65 48 ; 44 101 90 ; 57 117 308 ; 44 103 411 ; 
105 20 97 ; 104 55 63 ; 53 124 154 ; 11 71 313 ; 39 62 292 ; 
1 114 324 ; 67 14 183 ; 40 80 165 ; 30 69 65 ; 5 56 78 ; 
25 38 363 ; 80 65 320 ; 76 59 180 ; 19 85 490 ; 82 117 17 ; 
68 118 364 ; 82 73 270 ; 35 14 397 ; 104 127 97 ; 32 41 3 ; 
70 0 404 ; 8 64 157 ; 67 105 41 ; 24 71 1 ; 14 48 45 ; 
4 65 99 ; 77 83 307 ; 91 40 217 ; 90 37 68 ; 3 65 372 ; 
4 97 41 ; 68 27 319 ; 45 36 123 ; 116 122 107 ; 37 99 287 ; 
102 30 105 ; 57 29 237 ; 97 110 218 ; 6 99 213 ; 71 63 491 ; 
41 60 131 ; 68 0 347 ; 104 75 459 ; 98 90 353 ; 69 2 313 ; 
99 55 266 ; 0 113 372 ; 111 119 105 ; 82 89 214 ; 17 20 149 ; 
78 83 60 ; 78 22 57 ; 25 30 93 ; 116 83 414 ; 118 124 168 ; 
45 75 254 ; 30 127 473 ; 22 109 282 ; 111 59 397 ; 3 16 91 ; 
87 45 236 ; 109 114 226 ; 11 124 28 ; 94 110 470 ; 91 66 158 ; 
38 92 232 ; 37 90 297 ; 18 88 444 ; 78 69 390 ; 94 4 201 ; 
11 84 220 ; 126 115 431 ; 122 95 33 ; 104 101 484 ; 42 95 491 ; 
7 79 366 ; 97 109 376 ; 57 41 97 ; 126 123 432 ; 2 60 150 ; 
86 0 48 ; 73 28 40 ; 41 37 330 ; 14 57 216 ; 110 44 112 ; 
61 122 38 ; 42 110 249 ; 83 8 218 ; 78 52 431 ; 10 46 433 ; 
11 6 167 ; 39 106 222 ; 76 76 471 ; 5 40 148 ; 50 108 223 ; 
44 91 205 ; 27 80 474 ; 35 39 181 ; 87 54 120 ; 5 68 331 ; 
11 83 13 ; 118 57 92 ; 66 105 351 ; 107 65 471 ; 87 40 493 ; 
50 125 203 ; 3 16 319 ; 42 77 70 ; 96 93 201 ; 36 60 348 ; 
120 38 309 ; 49 26 337 ; 26 54 119 ; 92 29 337 ; 4 10 60 ; 
2 41 252 ; 18 117 98 ; 95 91 53 ; 60 101 335 ; 121 69 24 ; 
31 43 256 ; 57 28 200 ; 111 3 78 ; 13 44 212 ; 23 65 252 ; 
65 45 125 ; 54 75 331 ; 17 109 401 ; 118 56 16 ; 60 100 296 ; 
103 53 73 ; 3 125 64 ; 6 119 362 ; 50 12 317 ; 115 124 254 ; 
32 113 166 ; 108 104 107 ; 89 113 397 ; 17 89 254 ; 118 126 85 ; 
43 27 237 ; 40 88 168 ; 32 78 419 ; 44 51 109 ; 40 38 223 ; 
26 48 175 ; 2 123 67 ; 116 124 499 ; 77 14 376 ; 75 23 34 ; 
103 92 496 ; 63 8 223 ; 13 55 63 ; 64 108 151 ; 102 84 495 ; 
22 47 52 ; 17 42 446 ; 13 18 8 ; 28 82 344 ; 51 36 118 ; 
16 108 477 ; 24 95 496 ; 80 123 443 ; 60 54 180 ; 16 30 377 ; 
63 46 287 ; 106 88 282 ; 124 4 319 ; 78 37 93 ; 115 19 61 ; 
95 76 160 ; 63 109 128 ; 58 76 133 ; 112 57 445 ; 14 102 173 ; 
60 121 394 ; 20 35 281 ; 25 95 107 ; 62 40 19 ; 81 13 98 ; 
29 37 377 ; 10 78 352 ; 87 15 247 ; 16 32 329 ; 118 109 250 ; 
111 75 152 ; 19 105 293 ; 114 112 265 ; 26 116 282 ; 39 70 336 ; 
76 11 249 ; 26 47 147 ; 41 19 377 ; 73 48 384 ; 55 62 348 ; 
2 91 498 ; 107 52 270 ; 92 33 149 ; 80 40 455 ; 22 108 133 ; 
33 2 244 ; 80 53 448 ; 99 114 79 ; 20 7 64 ; 82 43 54 ; 
45 70 221 ; 97 80 459 ; 3 109 51 ; 43 124 307 ; 23 37 395 ; 
25 117 117 ; 78 17 350 ; 65 72 446 ; 72 41 154 ; 115 83 358 ; 
57 52 252 ; 9 23 46 ; 118 102 179 ; 114 17 418 ; 23 12 397 ; 
12 29 305 ; 30 79 390 ; 102 82 301 ; 15 56 266 ; 98 50 22 ; 
22 126 417 ; 46 120 451 ; 20 84 392 ; 38 50 95 ; 50 60 365 ; 
80 93 485 ; 31 23 49 ; 113 32 359 ; 41 106 290 ; 91 124 461 ; 
90 2 428 ; 82 65 262 ; 38 9 424 ; 89 72 169 ; 21 122 451 ; 
114 67 369 ; 9 24 41 ; 42 12 169 ; 20 102 346 ; 17 79 432 ; 
19 27 283 ; 84 126 153 ; 93 14 440 ; 38 51 174 ; 32 126 275 ; 
99 124 492 ; 123 73 482 ; 7 54 284 ; 109 21 254 ; 61 29 454 ; 
88 0 111 ; 86 62 142 ; 101 78 498 ; 24 4 72 ; 23 20 14 ; 
19 56 486 ; 92 79 29 ; 19 111 340 ; 40 57 132 ; 69 23 193 ; 
69 7 338 ; 3 9 347 ; 81 96 129 ; 86 20 462 ; 106 110 15 ; 
34 104 90 ; 113 69 57 ; 96 29 161 ; 25 125 368 ; 49 75 376 ; 
56 85 469 ; 65 56 431 ; 33 114 266 ; 53 16 416 ; 35 71 406 ; 
11 21 364 ; 80 118 282 ; 110 52 348 ; 107 4 140 ; 54 125 470 ; 
12 58 439 ; 68 61 159 ; 54 68 476 ; 71 28 390 ; 14 74 119 ; 
36 98 383 ; 26 28 166 ; 78 72 351 ; 83 85 277 ; 80 123 280 ; 
10 82 55 ; 72 97 439 ; 12 49 483 ; 40 35 114 ; 114 75 497 ; 
84 22 295 ; 112 108 155 ; 57 19 430 ; 14 40 336 ; 9 41 39 ; 
91 96 267 ; 60 35 46 ; 109 42 102 ; 17 104 406 ; 92 109 226 ; 
114 1 116 ; 94 56 292 ; 114 10 388 ; 26 43 253 ; 67 30 379 ; 
35 98 236 ; 70 48 263 ; 113 70 471 ; 89 104 41 ; 71 50 158 ; 
72 110 498 ; 0 126 388 ; 11 126 402 ; 54 56 336 ; 84 127 23 ; 
54 80 94 ; 102 123 402 ; 44 99 88 ; 20 56 489 ; 70 30 15 ; 
52 96 218 ; 50 20 42 ; 49 38 494 ; 105 43 357 ; 104 74 115 ; 
56 44 12 ; 52 50 314 ; 23 127 69 ; 79 60 229 ; 109 83 202 ; 
77 49 64 ; 97 87 81 ; 7 126 43 ; 50 47 44 ; 124 23 337 ; 
41 83 98 ; 91 69 118 ; 90 30 310 ; 23 36 497 ; 106 62 72 ; 
28 30 193 ; 115 51 358 ; 113 123 159 ; 33 115 147 ; 56 85 9 ; 
11 31 474 ; 80 33 283 ; 111 88 190 ; 19 37 285 ; 81 66 260 ; 
111 75 278 ; 35 34 262 ; 30 89 402 ; 17 24 395 ; 102 10 100 ; 
5 120 132 ; 39 15 355 ; 127 1 288 ; 36 78 147 ; 102 50 162 ; 
50 1 91 ; 84 107 294 ; 45 73 353 ; 70 25 15 ; 80 9 325 ; 
72 50 471 ; 87 101 201 ; 88 105 188 ; 39 92 391 ; 89 98 159 ; 
90 57 418 ; 70 0 360 ; 15 105 344 ; 40 113 29 ; 50 10 267 ; 
100 9 419 ; 73 14 107 ; 51 58 466 ; 15 101 187 ; 114 53 406 ; 
43 107 235 ; 43 83 250 ; 21 15 120 ; 6 120 43 ; 16 40 268 ; 
25 39 98 ; 40 111 314 ; 98 13 271 ; 72 4 462 ; 125 34 182 ; 
104 26 92 ; 59 108 487 ; 74 4 311 ; 66 43 268 ; 106 123 226 ; 
18 125 10 ; 1 99 443 ; 14 19 227 ; 19 117 402 ; 53 103 6 ; 
79 75 403 ; 59 91 363 ; 63 22 394 ; 107 102 192 ; 102 60 286 ; 
100 34 297 ; 71 33 495 ; 90 73 488 ; 80 83 242 ; 55 37 445 ; 
3 116 207 ; 94 43 410 ; 116 29 10 ; 90 89 125 ; 22 87 448 ; 
56 64 99 ; 89 59 231 ; 34 55 102 ; 117 66 41 ; 26 95 361 ; 
14 50 40 ; 57 85 375 ; 86 51 205 ; 47 80 489 ; 7 89 347 ; 
71 72 209 ; 3 27 233 ; 58 53 215 ; 124 42 233 ; 92 111 339 ; 
14 108 389 ; 99 107 492 ; 22 73 305 ; 103 26 428 ; 64 70 51 ; 
8 7 462 ; 35 1 310 ; 88 84 441 ; 3 73 343 ; 114 52 464 ; 
94 58 396 ; 74 78 198 ; 19 27 486 ; 45 63 416 ; 115 19 467 ; 
123 109 439 ; 124 15 79 ; 80 52 322 ; 25 20 419 ; 78 112 114 ; 
8 40 416 ; 86 110 219 ; 113 24 249 ; 49 89 212 ; 68 0 97 ; 
49 104 105 ; 65 87 444 ; 117 106 348 ; 9 85 384 ; 121 67 433 ; 
33 35 39 ; 16 98 91 ; 40 107 433 ; 1 7 223 ; 2 81 388 ; 
106 14 332 ; 65 70 369 ; 43 122 162 ; 0 126 152 ; 67 27 33 ; 
103 7 271 ; 73 122 112 ; 53 68 256 ; 60 127 41 ; 13 107 234 ; 
27 27 304 ; 97 124 190 ; 91 31 176 ; 89 55 379 ; 117 88 72 ; 
124 115 219 ; 118 48 238 ; 58 124 496 ; 57 113 297 ; 36 104 353 ; 
63 96 115 ; 60 67 334 ; 91 103 160 ; 18 54 439 ; 106 6 57 ; 
94 26 298 ; 14 20 350 ; 10 88 8 ; 124 81 59 ; 100 7 372 ; 
68 74 189 ; 7 40 340 ; 110 104 196 ; 37 4 271 ; 43 121 217 ; 
69 99 68 ; 90 73 94 ; 50 37 260 ; 4 60 322 ; 11 13 322 ; 
85 2 198 ; 125 54 255 ; 102 39 34 ; 106 114 361 ; 99 80 466 ; 
70 24 273 ; 15 62 355 ; 52 114 97 ; 113 48 199 ; 126 107 459 ; 
0 9 82 ; 54 108 183 ; 93 87 301 ; 80 48 243 ; 32 46 301 ; 
56 87 384 ; 118 70 290 ; 104 15 221 ; 24 11 389 ; 3 10 2 ; 
13 21 284 ; 121 116 128 ; 80 81 23 ; 0 20 164 ; 46 65 176 ; 
6 81 276 ; 76 39 32 ; 92 12 38 ; 103 38 406 ; 113 48 459 ; 
6 57 370 ; 123 65 339 ; 76 0 121 ; 97 29 453 ; 34 9 346 ; 
116 22 468 ; 27 90 94 ; 40 21 79 ; 78 55 223 ; 126 114 226 ; 
55 49 47 ; 121 124 270 ; 121 65 133 ; 22 87 233 ; 32 109 166 ; 
54 49 381 ; 16 124 317 ; 37 19 60 ; 93 6 184 ; 79 96 282 ; 
0 43 357 ; 125 125 192 ; 62 74 269 ; 21 100 111 ; 2 94 381 ; 
52 123 109 ; 48 12 219 ; 67 57 448 ; 73 13 333 ; 41 48 282 ; 
84 81 458 ; 82 41 230 ; 28 123 87 ; 0 70 206 ; 95 39 335 ; 
90 41 378 ; 103 96 450 ; 32 40 350 ; 45 22 453 ; 93 96 38 ; 
46 122 331 ; 88 21 27 ; 83 44 453 ; 25 2 390 ; 64 110 218 ; 
105 92 309 ; 74 126 44 ; 114 80 91 ; 8 101 307 ; 105 67 432 ; 
99 74 250 ; 120 37 116 ; 37 83 372 ; 39 29 491 ; 21 103 380 ; 
113 17 125 ; 111 21 482 ; 63 0 376 ; 36 11 403 ; 103 67 247 ; 
49 89 396 ; 87 30 456 ; 42 58 8 ; 71 42 493 ; 46 50 117 ; 
63 123 66 ; 84 46 72 ; 84 42 435 ; 95 25 155 ; 35 17 387 ; 
124 113 171 ; 26 53 336 ; 85 114 115 ; 127 83 109 ; 49 92 60 ; 
45 123 39 ; 91 11 354 ; 5 10 255 ; 31 73 479 ; 48 45 39 ; 
33 120 366 ; 87 116 210 ; 73 72 245 ; 28 69 138 ; 121 10 233 ; 
116 125 262 ; 127 47 203 ; 9 54 390 ; 83 18 348 ; 0 77 183 ; 
120 43 143 ; 108 5 476 ; 52 122 287 ; 122 68 288 ; 4 13 269 ; 
1 8 402 ; 48 47 402 ; 103 50 193 ; 121 58 414 ; 70 97 369 ; 
113 56 149 ; 118 48 425 ; 113 0 34 ; 53 24 294 ; 67 77 112 ; 
75 123 104 ; 122 29 457 ; 44 62 378 ; 102 105 473 ; 71 102 370 ; 
127 100 312 ; 48 89 461 ; 48 59 231 ; 72 82 368 ; 22 98 10 ; 
17 119 241 ; 47 12 324 ; 109 82 314 ; 86 127 103 ; 61 37 389 ; 
33 17 61 ; 122 110 56 ; 54 66 408 ; 8 6 404 ; 106 0 333 ; 
97 61 167 ; 110 69 308 ; 64 72 307 ; 64 119 413 ; 101 12 335 ; 
119 105 352 ; 101 70 409 ; 39 82 284 ; 46 15 214 ; 46 20 494 ; 
108 47 236 ; 49 91 398 ; 121 55 436 ; 112 0 80 ; 125 31 304 ; 
102 124 330 ; 44 121 321 ; 127 113 386 ; 14 31 258 ; 34 85 360 ; 
81 118 350 ; 44 120 322 ; 99 104 452 ; 99 24 201 ; 3 9 378 ; 
127 95 223 ; 120 44 297 ; 106 94 306 ; 9 56 213 ; 95 64 423 ; 
85 119 121 ; 77 25 474 ; 53 109 290 ; 77 59 82 ; 86 121 57 ; 
53 52 108 ; 97 85 383 ; 64 35 496 ; 120 112 378 ; 57 75 447 ; 
48 72 50 ; 73 22 219 ; 55 17 56 ; 114 111 145 ; 107 48 419 ; 
31 117 181 ; 116 56 263 ; 24 116 336 ; 8 26 288 ; 84 74 229 ; 
28 88 370 ; 51 60 210 ; 68 108 275 ; 51 82 314 ; 99 5 84 ; 
88 14 111 ; 17 77 470 ; 5 110 311 ; 32 78 291 ; 106 39 123 ; 
66 57 83 ; 126 123 292 ; 107 7 223 ; 61 73 371 ; 66 126 466 ; 
80 29 417 ; 30 92 334 ; 12 15 451 ; 90 90 264 ; 2 45 356 ; 
59 85 174 ; 55 25 269 ; 62 16 359 ; 7 75 206 ; 5 57 455 ; 
35 10 25 ; 127 52 450 ; 14 111 492 ; 104 48 488 ; 21 16 78 ; 
106 91 344 ; 3 104 156 ; 19 115 427 ; 94 106 81 ; 23 29 136 ; 
34 19 178 ; 86 89 317 ; 70 61 24 ; 118 45 462 ; 6 119 422 ; 
97 68 231 ; 73 76 270 ; 61 11 33 ; 39 8 97 ; 68 12 479 ; 
87 22 499 ; 48 67 221 ; 109 111 183 ; 26 41 485 ; 18 75 95 ; 
86 3 370 ; 34 37 335 ; 45 74 409 ; 53 3 154 ; 65 27 277 ; 
88 74 233 ; 27 27 105 ; 11 66 137 ; 52 48 175 ; 0 19 205 ; 
3 125 159 ; 40 73 29 ; 114 94 323 ; 118 48 468 ; 17 41 249 ; 
91 102 451 ; 118 123 455 ; 56 65 430 ; 104 116 49 ; 124 65 274 ; 
121 33 230 ; 66 86 297 ; 32 46 301 ; 80 50 423 ; 121 108 113 ; 
96 103 350 ; 91 58 133 ; 28 40 387 ; 16 34 444 ; 82 80 492 ; 
115 126 276 ; 73 47 222 ; 119 8 460 ; 42 83 253 ; 22 21 253 ; 
125 103 91 ; 55 21 499 ; 95 56 82 ; 1 20 331 ; 81 89 419 ; 
79 25 53 ; 126 83 40 ; 6 80 114 ; 90 109 245 ; 111 90 107 ; 
86 65 245 ; 107 8 314 ; 36 43 269 ; 56 106 393 ; 17 57 234 ; 
43 91 216 ; 126 111 123 ; 78 77 50 ; 59 35 352 ; 22 34 250 ; 
87 56 209 ; 96 74 432 ; 11 20 51 ; 117 61 455 ; 46 103 292 ; 
9 99 53 ; 121 47 164 ; 70 121 51 ; 105 73 173 ; 12 116 433 ; 
68 13 435 ; 14 125 474 ; 34 89 346 ; 95 88 189 ; 71 16 334 ; 
42 90 53 ; 89 78 398 ; 82 65 411 ; 28 3 58 ; 16 0 287 ; 
29 19 3 ; 27 125 155 ; 116 72 58 ; 76 29 480 ; 93 104 168 ; 
55 97 355 ; 5 99 257 ; 71 95 203 ; 74 33 389 ; 74 76 21 ; 
93 4 349 ; 90 127 435 ; 34 9 62 ; 64 54 282 ; 40 66 50 ; 
9 21 363 ; 108 18 126 ; 75 105 152 ; 108 19 195 ; 57 88 77 ; 
61 46 435 ; 60 33 352 ; 70 47 154 ; 124 49 41 ; 62 127 53 ; 
83 43 25 ; 101 13 362 ; 79 117 462 ; 98 36 90 ; 58 29 154 ; 
104 96 91 ; 9 0 256 ; 56 123 157 ; 105 24 351 ; 105 117 319 ; 
20 122 81 ; 33 8 492 ; 23 2 161 ; 59 72 440 ; 89 123 70 ; 
57 102 425 ; 58 15 1 ; 53 116 87 ; 77 31 447 ; 66 70 161 ; 
60 43 482 ; 68 99 126 ; 70 0 219 ; 15 109 266 ; 10 59 110 ; 
112 68 31 ; 127 54 316 ; 115 49 466 ; 18 100 191 ; 88 1 180 ; 
3 7 338 ; 102 33 42 ; 103 93 302 ; 84 47 285 ; 15 61 80 ; 
84 36 342 ; 10 69 14 ; 59 31 206 ; 31 47 221 ; 33 11 264 ; 
40 42 4 ; 74 4 376 ; 39 35 18 ; 86 8 149 ; 20 124 209 ; 
56 122 269 ; 125 104 105 ; 29 86 71 ; 76 56 254 ; 87 44 249 ; 
1 120 274 ; 6 72 107 ; 41 127 429 ; 49 28 108 ; 45 14 262 ; 
39 15 2 ; 15 100 359 ; 102 67 352 ; 30 93 97 ; 74 22 137 ; 
66 113 153 ; 11 116 334 ; 10 65 372 ; 38 53 421 ; 52 127 118 ; 
67 94 43 ; 39 117 390 ; 106 9 174 ; 71 59 452 ; 94 56 298 ; 
79 13 124 ; 67 100 490 ; 4 64 69 ; 57 70 83 ; 56 124 34 ; 
22 96 130 ; 11 106 142 ; 21 4 377 ; 80 4 56 ; 8 34 135 ; 
22 10 365 ; 122 53 168 ; 58 106 59 ; 0 42 263 ; 125 16 240 ; 
93 42 253 ; 71 8 7 ; 76 14 159 ; 80 126 116 ; 115 53 476 ; 
125 75 228 ; 50 47 26 ; 29 87 56 ; 71 2 191 ; 87 103 499 ; 
1 4 156 ; 10 55 353 ; 24 118 333 ; 22 74 269 ; 75 110 113 ; 
22 27 16 ; 70 93 102 ; 29 26 360 ; 31 17 65 ; 6 8 152 ; 
10 125 303 ; 66 78 353 ; 56 103 91 ; 3 76 247 ; 113 2 229 ; 
12 42 24 ; 106 80 147 ; 4 41 469 ; 21 30 198 ; 29 91 301 ; 
26 110 316 ; 105 3 198 ; 80 34 104 ; 29 89 249 ; 31 38 396 ; 
73 63 373 ; 26 110 262 ; 67 99 88 ; 97 117 408 ; 60 38 117 ; 
43 94 362 ; 46 33 153 ; 81 37 46 ; 42 98 22 ; 81 34 55 ; 
16 84 406 ; 126 18 444 ; 97 58 122 ; 86 102 449 ; 124 39 342 ; 
91 5 159 ; 124 126 350 ; 33 96 120 ; 4 19 413 ; 38 98 124 ; 
122 81 185 ; 12 9 269 ; 70 91 227 ; 44 112 324 ; 83 102 462 ; 
89 25 442 ; 87 119 433 ; 56 4 429 ; 75 97 91 ; 45 105 315 ; 
126 66 349 ; 7 43 68 ; 98 18 84 ; 82 90 135 ; 57 120 331 ; 
82 19 291 ; 74 8 376 ; 78 122 91 ; 47 13 335 ; 25 36 482 ; 
91 97 236 ; 7 25 2 ; 25 94 430 ; 116 105 140 ; 108 32 231 ; 
127 43 396 ; 8 15 498 ; 2 75 388 ; 15 62 186 ; 51 125 306 ; 
20 105 427 ; 46 83 382 ; 12 69 293 ; 117 26 387 ; 21 65 339 ; 
65 33 111 ; 80 83 351 ; 27 80 139 ; 90 26 109 ; 87 20 352 ; 
64 39 183 ; 19 22 303 ; 89 11 485 ; 115 26 461 ; 52 29 218 ; 
85 13 440 ; 40 124 269 ; 120 115 229 ; 19 108 413 ; 39 116 211 ; 
79 47 254 ; 101 126 278 ; 112 124 137 ; 11 5 114 ; 40 4 349 ; 
53 24 73 ; 49 109 34 ; 36 18 231 ; 16 83 403 ; 4 110 238 ; 
51 96 42 ; 50 18 93 ; 46 88 126 ; 51 118 434 ; 55 8 109 ; 
79 77 138 ; 60 104 335 ; 79 43 201 ; 34 102 77 ; 17 53 222 ; 
113 43 338 ; 4 112 462 ; 92 26 44 ; 82 52 274 ; 90 90 113 ; 
40 40 281 ; 16 43 68 ; 59 96 97 ; 33 58 96 ; 86 36 478 ; 
1 18 307 ; 113 52 189 ; 11 8 253 ; 64 10 489 ; 26 64 11 ; 
66 45 22 ; 109 105 446 ; 78 98 318 ; 8 42 221 ; 44 21 58 ; 
62 16 69 ; 115 125 294 ; 123 110 32 ; 6 59 55 ; 70 91 3 ; 
115 85 133 ; 92 119 139 ; 63 41 301 ; 105 22 375 ; 126 36 87 ; 
15 9 11 ; 12 112 337 ; 123 72 28 ; 54 43 128 ; 17 79 262 ; 
102 12 396 ; 93 12 311 ; 6 121 427 ; 28 52 342 ; 65 119 152 ; 
74 102 186 ; 58 19 253 ; 2 52 394 ; 46 80 213 ; 125 114 199 ; 
9 90 217 ; 21 53 287 ; 14 108 61 ; 66 99 355 ; 57 67 40 ; 
31 33 377 ; 51 15 435 ; 103 9 10 ; 55 126 484 ; 41 41 414 ; 
3 102 303 ; 56 10 489 ; 36 11 258 ; 7 18 265 ; 74 54 235 ; 
108 27 109 ; 123 75 248 ; 4 53 139 ; 2 33 366 ; 43 60 205 ; 
18 83 270 ; 28 116 457 ; 39 43 281 ; 57 112 318 ; 112 119 261 ; 
11 56 412 ; 86 25 160 ; 11 44 407 ; 45 39 399 ; 105 88 497 ; 
60 51 252 ; 49 16 234 ; 92 38 230 ; 76 96 301 ; 67 33 155 ; 
124 45 331 ; 21 37 58 ; 65 24 125 ; 104 15 392 ; 65 8 493 ; 
116 45 194 ; 4 99 299 ; 42 54 296 ; 10 47 148 ; 44 98 416 ; 
89 5 39 ; 127 52 331 ; 23 57 336 ; 39 73 398 ; 47 7 234 ; 
92 45 199 ; 64 16 415 ; 118 36 44 ; 37 20 14 ; 8 80 349 ; 
13 80 161 ; 65 75 362 ; 122 92 465 ; 68 46 377 ; 75 104 496 ; 
120 100 23 ; 9 83 360 ; 45 71 92 ; 66 102 302 ; 18 15 291 ; 
98 100 215 ; 46 18 405 ; 10 64 270 ; 56 5 437 ; 32 113 297 ; 
4 12 196 ; 88 4 180 ; 31 60 197 ; 5 106 99 ; 20 62 329 ; 
120 25 7 ; 11 2 174 ; 75 45 12 ; 80 82 6 ; 65 59 110 ; 
77 111 354 ; 82 27 291 ; 14 81 335 ; 121 52 234 ; 55 89 152 ; 
80 16 288 ; 83 42 157 ; 0 114 472 ; 82 68 199 ; 13 78 215 ; 
124 121 16 ; 23 40 477 ; 104 47 459 ; 28 85 406 ; 117 1 471 ; 
6 66 446 ; 48 123 250 ; 35 63 141 ; 103 78 37 ; 54 45 79 ; 
47 77 64 ; 87 58 188 ; 6 122 336 ; 91 72 352 ; 93 15 189 ; 
31 13 174 ; 26 91 168 ; 89 125 197 ; 39 30 68 ; 84 18 343 ; 
33 18 281 ; 91 15 88 ; 85 35 351 ; 29 31 461 ; 44 56 301 ; 
57 71 22 ; 21 91 413 ; 18 32 187 ; 48 8 112 ; 66 88 443 ; 
85 93 191 ; 100 18 428 ; 7 29 427 ; 38 47 205 ; 95 28 166 ; 
38 102 283 ; 1 79 204 ; 34 82 181 ; 42 46 355 ; 2 49 116 ; 
96 8 42 ; 114 0 51 ; 15 83 331 ; 62 124 70 ; 90 67 269 ; 
64 54 320 ; 15 98 250 ; 97 36 375 ; 15 119 449 ; 64 123 336 ; 
72 66 286 ; 72 93 378 ; 28 93 256 ; 24 99 420 ; 91 16 182 ; 
17 28 345 ; 116 78 429 ; 24 2 53 ; 15 87 198 ; 11 87 34 ; 
77 90 2 ; 42 60 443 ; 7 17 487 ; 107 117 415 ; 123 23 80 ; 
24 20 147 ; 102 82 105 ; 104 31 305 ; 64 77 281 ; 23 11 36 ; 
113 10 391 ; 46 81 388 ; 63 96 79 ; 52 12 350 ; 75 80 69 ; 
96 111 209 ; 50 32 89 ; 81 69 459 ; 30 2 48 ; 42 79 156 ; 
52 38 119 ; 5 75 225 ; 101 26 55 ; 113 112 14 ; 65 50 226 ; 
49 111 169 ; 81 68 41 ; 23 127 271 ; 25 35 116 ; 104 7 71 ; 
15 3 225 ; 90 112 229 ; 116 11 230 ; 100 101 215 ; 22 115 249 ; 
5 76 466 ; 73 6 311 ; 73 113 93 ; 108 46 468 ; 116 9 69 ; 
119 14 434 ; 103 71 305 ; 114 5 71 ; 87 40 15 ; 74 61 135 ; 
22 20 354 ; 28 27 379 ; 14 116 301 ; 60 100 430 ; 69 110 314 ; 
83 96 462 ; 26 97 345 ; 31 60 484 ; 71 11 490 ; 5 62 25 ; 
25 8 167 ; 52 88 438 ; 41 113 174 ; 13 83 204 ; 123 33 144 ; 
91 100 213 ; 60 29 340 ; 120 62 106 ; 3 80 241 ; 66 58 313 ; 
74 109 218 ; 34 55 127 ; 19 30 499 ; 102 18 132 ; 8 67 346 ; 
108 56 357 ; 9 1 305 ; 71 99 141 ; 24 101 494 ; 82 46 321 ; 
63 124 315 ; 119 99 478 ; 21 126 336 ; 39 67 248 ; 106 21 290 ; 
35 98 278 ; 36 11 230 ; 7 113 140 ; 108 79 491 ; 26 48 479 ; 
22 84 129 ; 121 66 313 ; 120 82 264 ; 59 118 213 ; 80 1 12 ; 
50 19 159 ; 62 18 218 ; 47 26 382 ; 126 105 257 ; 46 81 290 ; 
2 10 440 ; 68 3 279 ; 23 115 432 ; 13 120 456 ; 14 37 279 ; 
34 60 303 ; 52 118 34 ; 78 84 276 ; 55 57 375 ; 8 11 473 ; 
19 120 95 ; 22 123 58 ; 10 119 338 ; 2 108 125 ; 39 27 19 ; 
99 27 457 ; 89 77 423 ; 45 61 499 ; 103 92 121 ; 114 121 485 ; 
106 68 421 ; 101 18 60 ; 93 37 67 ; 73 78 353 ; 100 5 483 ; 
127 75 323 ; 76 50 178 ; 9 78 324 ; 101 55 437 ; 94 88 332 ; 
35 2 447 ; 53 62 221 ; 90 17 435 ; 41 110 372 ; 46 78 489 ; 
121 85 269 ; 44 63 165 ; 122 3 61 ; 49 117 383 ; 10 77 208 ; 
12 24 159 ; 74 78 182 ; 92 105 483 ; 74 97 254 ; 24 34 471 ; 
109 71 449 ; 45 108 203 ; 48 94 155 ; 37 89 305 ; 115 57 274 ; 
11 120 400 ; 89 90 456 ; 66 114 3 ; 35 100 107 ; 69 127 121 ; 
13 72 382 ; 121 11 63 ; 87 122 344 ; 48 99 49 ; 106 126 318 ; 
98 34 337 ; 61 83 349 ; 47 78 130 ; 19 37 413 ; 18 70 420 ; 
90 0 494 ; 102 40 403 ; 96 124 164 ; 68 1 340 ; 66 44 460 ; 
100 73 290 ; 55 114 137 ; 5 117 182 ; 42 58 261 ; 113 34 128 ; 
113 80 254 ; 25 11 292 ; 22 64 446 ; 23 76 223 ; 67 8 279 ; 
13 47 37 ; 127 56 453 ; 116 126 485 ; 46 115 134 ; 81 123 9 ; 
33 21 82 ; 45 9 235 ; 109 100 33 ; 57 31 319 ; 65 30 494 ; 
112 95 230 ; 40 4 11 ; 38 97 390 ; 25 68 351 ; 20 81 101 ; 
41 79 118 ; 51 62 44 ; 23 71 485 ; 54 102 106 ; 84 29 247 ; 
51 23 220 ; 55 30 169 ; 25 36 229 ; 93 31 84 ; 46 73 345 ; 
125 67 290 ; 59 95 375 ; 3 40 42 ; 105 94 89 ; 6 77 91 ; 
29 126 475 ; 59 31 482 ; 96 104 418 ; 127 88 415 ; 72 98 460 ; 
12 0 266 ; 107 71 415 ; 20 66 494 ; 114 83 389 ; 64 27 271 ; 
62 54 133 ; 93 5 59 ; 69 11 58 ; 30 42 374 ; 0 38 6 ; 
0 80 258 ; 71 119 102 ; 9 89 82 ; 93 63 34 ; 120 14 64 ; 
46 99 272 ; 51 86 230 ; 62 5 107 ; 104 19 133 ; 14 33 391 ; 
94 120 79 ; 85 90 487 ; 47 40 342 ; 110 10 336 ; 124 95 261 ; 
95 115 209 ; 54 70 7 ; 59 117 139 ; 78 106 21 ; 112 125 422 ; 
104 16 152 ; 66 35 275 ; 107 126 112 ; 117 98 103 ; 84 35 193 ; 
72 92 153 ; 14 67 469 ; 3 94 51 ; 110 56 106 ; 107 122 360 ; 
124 74 172 ; 31 121 300 ; 29 126 199 ; 127 49 302 ; 34 83 143 ; 
126 112 436 ; 66 109 156 ; 32 32 182 ; 88 14 325 ; 82 75 367 ; 
29 119 403 ; 22 12 11 ; 20 99 178 ; 70 37 304 ; 25 92 19 ; 
9 104 290 ; 119 60 28 ; 23 30 390 ; 38 4 367 ; 113 87 331 ; 
104 22 58 ; 116 81 347 ; 87 44 29 ; 124 36 14 ; 89 27 460 ; 
65 53 357 ; 126 78 266 ; 28 40 453 ; 32 35 25 ; 120 119 383 ; 
14 29 92 ; 96 96 472 ; 12 57 381 ; 48 39 164 ; 75 91 477 ; 
1 40 314 ; 79 127 111 ; 119 76 377 ; 27 49 294 ; 18 60 186 ; 
47 56 126 ; 15 29 17 ; 72 118 17 ; 112 38 9 ; 75 83 297 ; 
116 89 48 ; 115 33 109 ; 63 102 304 ; 113 72 228 ; 45 75 395 ; 
102 69 489 ; 3 78 420 ; 121 55 183 ; 31 44 11 ; 115 81 271 ; 
76 66 71 ; 109 51 119 ; 84 116 386 ; 28 44 473 ; 103 127 258 ; 
45 100 124 ; 123 120 162 ; 51 27 49 ; 95 6 166 ; 49 98 177 ; 
115 9 60 ; 38 36 129 ; 26 50 198 ; 70 127 442 ; 69 62 7 ; 

